  5

  0 27 85  2  1
 27  0 80 58 21
 85 80  0  3 48
  2 58  3  0 74
  1 21 48 74  0

  0 21 95 82 56
 21  0 44 40 75
 95 44  0 84 12
 82 40 84  0 69
 56 75 12 69  0